0101000
0102000
0103000
0104000
0105000
0106000
0107000
0108000
0109000
0110000
0111000
0112000
0113000
0114000
0115000
0116000
0117000
0118000
0119000
0120000
0121000
0122000
0123000
0124000
0125000
0126000
0127000
0128000
0129000
0130000
0131000
0132000
0133000
0134000
0135000
0136000
0137000
0138000
0139000
0140000
0141000
0142000
0143000
0144000
0145000
0146000
0147000
0148000
0149000
0150000
0151000
0152000
0153000
0154000
0155000
0156000
0157000
0158000
0159000
0160000
0161000
0162000
0163000
0164000
0165000
0166000
0167000
0168000
0169000
0170000
0171000
0172000
0173000
0174000
0175000
0176000
0177000
0178000
0179000
0180000
0181000
0182000
0183000
0184000
0185000
0186000
0187000
0188000
0189000
0190000
0191000
0192000
0193000
0194000
0195000
0196000
0197000
0198000
0199000
0200000
0201000
0202000
0203000
0204000
0205000
0206000
0207000
0208000
0209000
0210000
0211000
0212000
0213000
0214000
0215000
0216000
0217000
0218000
0219000
0220000
0221000
0222000
0223000
0224000
0225000
0226000
0227000
0228000
0229000
0230000
0231000
0232000
0233000
0234000
0235000
0236000
0237000
0238000
0239000
0240000
0241000
0242000
0243000
0244000
0245000
0246000
0247000
0248000
0249000
0250000
0251000
0252000
0253000
0254000
0255000
0256000
0257000
0258000
0259000
0260000
0261000
0262000
0263000
0264000
0265000
0266000
0267000
0268000
0269000
0270000
0271000
0272000
0273000
0274000
0275000
0276000
0277000
0278000
0279000
0280000
0281000
0282000
0283000
0284000
0285000
0286000
0287000
0288000
0289000
0290000
0291000
0292000
0293000
0294000
0295000
0296000
0297000
0298000
0299000
0300000
0301000
0302000
0303000
0304000
0305000
0306000
0307000
0308000
0309000
0310000
0311000
0312000
0313000
0314000
0315000
0316000
0317000
0318000
0319000
0320000
0321000
0322000
0323000
0324000
0325000
0326000
0327000
0328000
0329000
0330000
0331000
0332000
0333000
0334000
0335000
0336000
0337000
0338000
0339000
0340000
0341000
0342000
0343000
0344000
0345000
0346000
0347000
0348000
0349000
0350000
0351000
0352000
0353000
0354000
0355000
0356000
0357000
0358000
0359000
0360000
0361000
0362000
0363000
0364000
0365000
0366000
0367000
0368000
0369000
0370000
0371000
0372000
0373000
0374000
0375000
0376000
0377000
0378000
0379000
0380000
0381000
0382000
0383000
0384000
0385000
0386000
0387000
0388000
0389000
0390000
0391000
0392000
0393000
0394000
0395000
0396000
0397000
0398000
0399000
0400000
0401000
0402000
0403000
0404000
0405000
0406000
0407000
0408000
0409000
0410000
0411000
0412000
0413000
0414000
0415000
0416000
0417000
0418000
0419000
0420000
0421000
0422000
0423000
0424000
0425000
0426000
0427000
0428000
0429000
0430000
0431000
0432000
0433000
0434000
0435000
0436000
0437000
0438000
0439000
0440000
0441000
0442000
0443000
0444000
0445000
0446000
0447000
0448000
0449000
0450000
0451000
0452000
0453000
0454000
0455000
0456000
0457000
0458000
0459000
0460000
0461000
0462000
0463000
0464000
0465000
0466000
0467000
0468000
0469000
0470000
0471000
0472000
0473000
0474000
0475000
0476000
0477000
0478000
0479000
0480000
0481000
0482000
0483000
0484000
0485000
0486000
0487000
0488000
0489000
0490000
0491000
0492000
0493000
0494000
0495000
0496000
0497000
0498000
0499000
0500000
0501000
0502000
0503000
0504000
0505000
0506000
0507000
0508000
0509000
0510000
0511000
0512000
0513000
0514000
0515000
0516000
0517000
0518000
0519000
0520000
0521000
0522000
0523000
0524000
0525000
0526000
0527000
0528000
0529000
0530000
0531000
0532000
0533000
0534000
0535000
0536000
0537000
0538000
0539000
0540000
0541000
0542000
0543000
0544000
0545000
0546000
0547000
0548000
0549000
0550000
0551000
0552000
0553000
0554000
0555000
0556000
0557000
0558000
0559000
0560000
0561000
0562000
0563000
0564000
0565000
0566000
0567000
0568000
0569000
0570000
0571000
0572000
0573000
0574000
0575000
0576000
0577000
0578000
0579000
0580000
0581000
0582000
0583000
0584000
0585000
0586000
0587000
0588000
0589000
0590000
0591000
0592000
0593000
0594000
0595000
0596000
0597000
0598000
0599000
0600000
0601000
0602000
0603000
0604000
0605000
0606000
0607000
0608000
0609000
0610000
0611000
0612000
0613000
0614000
0615000
0616000
0617000
0618000
0619000
0620000
0621000
0622000
0623000
0624000
0625000
0626000
0627000
0628000
0629000
0630000
0631000
0632000
0633000
0634000
0635000
0636000
0637000
0638000
0639000
0640000
0641000
0642000
0643000
0644000
0645000
0646000
0647000
0648000
0649000
0650000
0651000
0652000
0653000
0654000
0655000
0656000
0657000
0658000
0659000
0660000
0661000
0662000
0663000
0664000
0665000
0666000
0667000
0668000
0669000
0670000
0671000
0672000
0673000
0674000
0675000
0676000
0677000
0678000
0679000
0680000
0681000
0682000
0683000
0684000
0685000
0686000
0687000
0688000
0689000
0690000
0691000
0692000
0693000
0694000
0695000
0696000
0697000
0698000
0699000
0700000
0701000
0702000
0703000
0704000
0705000
0706000
0707000
0708000
0709000
0710000
0711000
0712000
0713000
0714000
0715000
0716000
0717000
0718000
0719000
0720000
0721000
0722000
0723000
0724000
0725000
0726000
0727000
0728000
0729000
0730000
0731000
0732000
0733000
0734000
0735000
0736000
0737000
0738000
0739000
0740000
0741000
0742000
0743000
0744000
0745000
0746000
0747000
0748000
0749000
0750000
0751000
0752000
0753000
0754000
0755000
0756000
0757000
0758000
0759000
0760000
0761000
0762000
0763000
0764000
0765000
0766000
0767000
0768000
0769000
0770000
0771000
0772000
0773000
0774000
0775000
0776000
0777000
0778000
0779000
0780000
0781000
0782000
0783000
0784000
0785000
0786000
0787000
0788000
0789000
0790000
0791000
0792000
0793000
0794000
0795000
0796000
0797000
0798000
0799000
0800000
0801000
0802000
0803000
0804000
0805000
0806000
0807000
0808000
0809000
0810000
0811000
0812000
0813000
0814000
0815000
0816000
0817000
0818000
0819000
0820000
0821000
0822000
0823000
0824000
0825000
0826000
0827000
0828000
0829000
0830000
0831000
0832000
0833000
0834000
0835000
0836000
0837000
0838000
0839000
0840000
0841000
0842000
0843000
0844000
0845000
0846000
0847000
0848000
0849000
0850000
0851000
0852000
0853000
0854000
0855000
0856000
0857000
0858000
0859000
0860000
0861000
0862000
0863000
0864000
0865000
0866000
0867000
0868000
0869000
0870000
0871000
0872000
0873000
0874000
0875000
0876000
0877000
0878000
0879000
0880000
0881000
0882000
0883000
0884000
0885000
0886000
0887000
0888000
0889000
0890000
0891000
0892000
0893000
0894000
0895000
0896000
0897000
0898000
0899000
0900000
0901000
0902000
0903000
0904000
0905000
0906000
0907000
0908000
0909000
0910000
0911000
0912000
0913000
0914000
0915000
0916000
0917000
0918000
0919000
0920000
0921000
0922000
0923000
0924000
0925000
0926000
0927000
0928000
0929000
0930000
0931000
0932000
0933000
0934000
0935000
0936000
0937000
0938000
0939000
0940000
0941000
0942000
0943000
0944000
0945000
0946000
0947000
0948000
0949000
0950000
0951000
0952000
0953000
0954000
0955000
0956000
0957000
0958000
0959000
0960000
0961000
0962000
0963000
0964000
0965000
0966000
0967000
0968000
0969000
0970000
0971000
0972000
0973000
0974000
0975000
0976000
0977000
0978000
0979000
0980000
0981000
0982000
0983000
0984000
0985000
0986000
0987000
0988000
0989000
0990000
0991000
0992000
0993000
0994000
0995000
0996000
0997000
0998000
0999000
1000000
