p_code,r_size,node,gpu,done
5JGEE,30,163,0,1
5GRQC,30,163,1,1
3VZAF,31,163,2,1
3WUPA,31,163,3,1
1Y43A,32,164,0,1
4Z80C,32,164,1,1
5B66M,33,164,2,1
3HPWC,33,164,3,1
1ET1B,34,165,0,1
2BF9A,35,165,1,1
3QF7D,35,165,2,1
2DYOB,36,165,3,1
3HTUD,36,166,0,1
4ZFOF,36,166,1,1
1T6FA,37,166,2,1
5ME5B,37,166,3,1
1SVFB,38,167,0,1
3ODVA,38,26,0,1
4OWTC,39,167,2,1
1P9GA,40,167,3,1
4JNUD,40,168,0,1
4TXRC,40,168,1,1
1J2JB,41,168,2,1
1NKZF,41,168,3,1
5IBWC,43,169,0,1
1MZ9E,45,169,1,1
3FT7A,45,169,2,1
5EXHC,45,169,3,1
1M93A,46,170,0,1
3SWYA,46,170,1,1
3SZSC,46,170,2,1
1NH2B,46,170,3,1
4R4MB,47,171,0,1
3PSMA,47,171,1,1
4U1EB,47,171,2,1
5MVWD,48,171,3,1
3VN0C,49,172,0,1
3C57A,51,172,1,1
4A94C,51,172,2,1
2UUYB,52,172,3,1
3P8DB,53,173,0,1
5EU0B,55,173,1,1
1ZUUA,56,173,2,1
3HSHD,56,173,3,1
4YV4H,57,174,0,1
3C4SA,57,174,1,1
4AQRD,57,174,2,1
5LLJB,57,174,3,1
2OVGA,58,175,0,1
3MCBB,58,175,1,1
2BAYF,58,175,2,1
1URQA,58,175,3,1
5N41A,60,176,0,1
6B9XA,60,176,1,1
3VZ9D,60,176,2,1
2PSTX,61,176,3,1
1I2TA,61,177,0,1
2F4MB,61,177,1,1
1ISUA,62,177,2,1
5I8JB,62,177,3,1
4H4NA,62,178,0,1
3U5VA,62,178,1,1
5M0WA,62,178,2,1
2X4KB,62,178,3,1
5B66Z,62,179,0,1
1KVEC,63,179,1,1
4NL9A,64,179,2,1
2HINB,64,179,3,1
3IDWA,66,180,0,1
2HDZA,66,180,1,1
1N7SD,66,169,3,1
5EZUB,67,180,3,1
5I41B,67,181,0,1
4M8AA,67,181,1,1
3GA8A,67,181,2,1
2G7OA,68,181,3,1
5T1IB,68,182,0,1
3I4OA,68,182,1,1
4QXBB,68,182,2,1
4ZDTA,69,182,3,1
1GCQC,69,163,0,1
2CZSB,69,163,1,1
3VP9A,70,163,2,1
3CNQP,71,163,3,1
5XAUB,71,164,0,1
1C75A,71,164,1,1
1EGWC,72,164,2,1
3CJSB,72,164,3,1
3FRYA,73,165,0,1
4Z4AA,74,165,1,1
2EBOB,74,165,2,1
3CX5F,74,165,3,1
3ZZPA,74,166,0,1
3DS4B,75,166,1,1
2HUEB,75,166,2,1
2AYDA,76,166,3,1
4MAKB,76,59,0,1
1DP7P,76,26,0,1
2WYQA,77,60,0,1
2H7ZB,77,168,0,1
1TH7J,78,168,1,1
2J8BA,78,168,2,1
1XMKA,79,168,3,1
3E17B,79,169,0,1
4PS2A,79,169,1,1
1ZT3A,80,169,2,1
5UZNA,80,169,3,1
3DNJA,80,170,0,1
4HKGA,80,170,1,1
5A6SB,80,170,2,1
3BQPB,80,170,3,1
1D3BB,81,171,0,1
1CXYA,81,171,1,1
1IQZA,81,171,2,1
1FM0D,81,171,3,1
3FAUB,81,172,0,1
4CSRB,82,172,1,1
4OD6A,82,172,2,1
3FBLA,82,172,3,1
1R6JA,82,173,0,1
3FYMA,82,173,1,1
4F7UA,82,173,2,1
3TVJA,83,173,3,1
2D8DB,83,174,0,1
5Y3CA,83,174,1,1
1I71A,83,174,2,1
3OV5A,84,174,3,1
3EUSA,85,175,0,1
1T0PB,86,175,1,1
5E9PA,86,175,2,1
5L37C,86,175,3,1
3N01A,87,176,0,1
1H8PB,88,176,2,1
5XPCB,88,176,3,1
1RFYB,88,177,0,1
4WPYA,88,177,1,1
1HBKA,89,177,2,1
2YVIA,89,177,3,1
5TKZA,89,178,0,1
1RGXB,89,178,1,1
3VK0A,89,178,2,1
4S36A,90,178,3,1
1M1QA,90,179,0,1
1OQJA,90,179,1,1
2HQXB,90,179,2,1
4I16A,90,179,3,1
3QF2A,90,180,0,1
3MHSB,91,180,1,1
1B9WA,91,180,3,1
4PE0A,92,181,0,1
4XUWB,92,181,1,1
3IP4C,92,181,2,1
4ZV0B,93,181,3,1
1NU4B,93,182,0,1
2OXOA,93,182,1,1
1Q08A,94,182,2,1
4LBHA,94,182,3,1
5WWWA,94,176,1,1
3SQFB,94,167,0,1
4XQMA,94,167,1,1
3IPJA,95,167,3,1
2W7NB,95,180,2,1
4AVRA,95,164,2,1
1C5EB,95,166,3,1
2O9UX,96,168,2,1
1CDCA,96,170,3,1
2GIBB,96,164,1,1
5HQHA,96,166,1,1
4WTXA,97,163,2,1
3RETA,97,165,0,1
4QNDA,97,165,3,1
1MK0A,97,164,0,1
5IWHA,97,163,0,1
1YN3A,98,163,1,1
5F67A,98,164,3,1
4GNEA,98,166,0,1
2CKLA,98,165,2,1
4BG7A,98,163,3,1
3KNBA,98,165,1,1
2W50A,98,170,0,1
4E5XG,99,168,1,1
2CCQA,99,169,0,1
4N8ND,99,166,2,1
3MAZA,99,168,3,1
5AZXB,99,168,0,1
5B8DA,100,170,2,1
3NZ3A,100,169,2,1
2JLIA,100,170,1,1
2XRHA,100,169,3,1
3LHCA,100,169,1,1
1K5NB,100,171,3,1
3TEQC,101,171,1,1
3VUBA,101,173,0,1
3WVTA,102,173,3,1
1D2ZA,102,174,3,1
2V76C,102,171,2,1
3GE3E,102,178,3,1
3ZBDB,103,172,0,1
5C79B,103,172,2,1
5ELBC,103,172,3,1
1WS8B,103,174,2,1
3A5PA,103,175,1,1
1YGTA,104,175,3,1
5T86A,104,179,0,1
1LYQB,104,173,1,1
3TUOA,104,174,1,1
5V77B,104,176,0,1
4HC9A,105,178,1,1
5T9PB,105,173,2,1
5BY4A,105,181,1,1
3KF6B,105,175,2,1
4GR6B,105,176,3,1
3Q20B,106,175,0,1
4JEAD,106,179,1,1
2FHZA,106,181,0,1
5IU1A,106,178,2,1
2OQBB,106,180,3,1
3DJ9A,107,182,3,1
4RT1C,108,171,0,1
2GE7B,108,180,1,1
5E4GA,108,181,2,1
3D1BC,108,179,3,1
3EMIA,110,176,2,1
4QRLA,110,174,0,1
2PU9A,110,182,1,1
5NBFA,110,177,2,1
1P57A,110,180,0,1
2XKIA,110,177,1,1
4K7BA,111,177,3,1
5V6JC,111,182,2,1
3F1PB,111,177,0,1
3B64A,112,179,2,1
1N13L,112,172,1,1
5A35A,112,178,0,1
5H34B,112,182,0,1
4AIVA,113,176,1,1
5FFLA,113,181,3,1
3SLZB,114,167,2,1
1JIDA,114,167,0,1
3AGNA,114,167,1,1
4Y9IA,114,166,3,1
4XINA,114,164,2,1
1IKTA,115,167,3,1
4GOSA,115,164,1,1
2V79A,115,163,2,1
5IG6A,115,166,0,1
4CCVA,115,165,1,1
5C2UA,116,165,0,1
3A07A,116,165,3,1
5WF2A,116,170,3,1
1XTEA,116,168,2,1
2FWHA,117,169,1,1
2Z3QC,117,163,1,1
4OYDB,117,166,1,1
1PM4B,117,170,0,1
3KANB,117,164,0,1
1UNQA,118,165,2,1
2FUJA,118,164,3,1
2DJFA,118,166,2,1
4TKCA,118,163,3,1
2DM9A,118,169,0,1
3QU3C,118,168,3,1
4K8WA,118,163,0,1
3BKRA,119,169,3,1
4ZY7A,119,170,2,1
2PNDA,119,169,2,1
1WOUA,119,170,1,1
4H8QA,119,168,0,1
1DUNA,120,171,3,1
1EAJB,120,171,1,1
2F01B,120,168,1,1
5OO9A,121,173,0,1
3DA5A,121,174,3,1
5XLYB,121,180,2,1
2YH5A,121,173,3,1
3T3LA,121,175,1,1
1UFYA,121,171,2,1
4PJ2D,122,178,3,1
1GY7B,122,169,2,1
2C6UA,122,172,2,1
3R72A,122,172,3,1
5EIDA,123,173,1,1
1GU2B,123,174,2,1
2WDSA,123,179,0,1
5FAAA,123,175,3,1
1DZ3A,123,176,0,1
3EOIB,123,173,2,1
2XW6C,124,178,1,1
1ACFA,125,174,1,1
1TP6A,126,181,1,1
5C6SA,126,175,2,1
3CX5G,126,178,2,1
3P48B,126,176,3,1
4W78H,126,182,3,1
4IQHB,127,181,0,1
1JB3A,127,176,2,1
3FKEB,127,175,0,1
2RC3D,127,179,1,1
3O48A,129,180,3,1
1CPQA,129,177,2,1
1PDOA,129,180,1,1
4BH5A,130,171,0,1
2A8NA,130,177,1,1
3ZHNA,131,182,1,1
1C52A,131,177,3,1
1T3YA,131,174,0,1
5GYRE,131,180,0,1
5ECDA,132,182,2,1
3SK2B,132,181,2,1
4GT8A,133,179,2,1
1EYVB,133,178,0,1
3KUVB,133,179,3,1
2AXWA,134,176,1,1
1DQGA,134,177,0,1
3I7UC,134,172,1,1
2FZPA,134,181,3,1
4HTUB,134,172,0,1
2V9VA,135,182,0,1
1XT5A,135,167,2,1
4RRIA,136,167,0,1
1Z1SA,136,167,1,1
5E0ZA,136,164,2,1
5XN9B,137,166,3,1
1EEXM,137,164,1,1
2QQ4B,137,165,0,1
3BPVA,137,163,2,1
1GAKA,137,165,1,1
2ENDA,137,167,3,1
2BYCA,137,166,0,1
1CCWC,137,170,3,1
2CDPA,138,165,3,1
4W9ZA,138,164,0,1
2QKPC,138,163,1,1
4QBSA,138,163,3,1
2HFNI,139,164,3,1
5I29A,139,170,0,1
4ZKYB,139,166,1,1
3P9AA,139,169,1,1
2YFUA,140,168,2,1
3VV1B,140,166,2,1
4ONMA,140,169,0,1
1RG8B,141,168,3,1
1ZD0A,141,170,2,1
1OZ9A,141,165,2,1
4MZJA,142,163,0,1
4LPLA,142,170,1,1
2O5UB,143,171,3,1
4B62A,143,171,1,1
3GMGB,143,168,0,1
1OO0A,144,173,0,1
4GEIA,144,168,1,1
1O8XA,144,178,3,1
2E56A,144,175,1,1
1TU1A,144,175,3,1
4IRFA,145,173,1,1
2ZEXB,145,179,0,1
1MBAA,146,173,3,1
4WJTA,146,171,2,1
3FV6B,146,180,2,1
2IIHA,146,174,3,1
5K8SA,146,174,2,1
4NF1G,146,174,1,1
3VWCA,146,176,0,1
1ID0A,146,172,2,1
1WPUB,147,173,2,1
1KHIA,147,172,3,1
5G4ZA,147,177,2,1
3WDCA,147,176,3,1
2CJ4A,147,181,1,1
2ZS0C,147,182,3,1
3NBCA,148,178,1,1
5IJAA,148,180,0,1
5ML3B,149,177,1,1
1VKCB,149,181,0,1
5LXFB,149,175,0,1
2ECUA,149,175,2,1
1X91A,149,179,1,1
5L19A,150,176,2,1
2E0TA,150,178,2,1
1AMXA,150,177,3,1
5I0YA,150,180,3,1
5F47A,151,180,1,1
5BOWA,151,171,0,1
3KFFA,152,176,1,1
1JL1A,152,174,0,1
2FLHC,152,182,1,1
1LY1A,152,182,2,1
1NTVA,152,178,0,1
4F0WA,152,179,3,1
3ZUCA,153,181,2,1
5BX1A,153,179,2,1
4NYQA,153,177,0,1
3PVHA,153,181,3,1
4WFVA,153,172,0,1
2WFOA,153,172,1,1
1ELKB,153,167,2,1
2YJKG,153,182,0,1
1GWMA,153,169,3,1
2GDMA,153,167,0,1
4UIQA,154,164,2,1
3A57A,154,167,1,1
5LQLC,155,165,0,1
3Q6BA,155,164,1,1
1V4PC,155,166,3,1
2P38A,155,165,3,1
1JYHA,155,170,3,1
2VXTI,156,56,0,1
2E85A,156,58,0,1
5D16B,157,57,0,1
3RGOA,157,166,0,1
1G5TA,157,167,3,1
1E7LA,157,168,2,1
4OKEB,158,169,0,1
1Y93A,158,169,2,1
3EWIB,158,170,0,1
1F3VA,158,166,2,1
5XKRC,158,164,0,1
3IP0A,158,169,1,1
4O7JB,158,166,1,1
4BK7A,159,163,1,1
5C5DD,159,168,3,1
4QBBA,159,164,3,1
5B82A,161,170,2,1
2OJ5E,161,165,2,1
5TS9D,161,163,0,1
1N62A,161,170,1,1
5IXHB,161,171,3,1
3V30A,161,171,1,1
2ARCA,161,64,0,1
4D0QA,161,179,0,1
2OX6D,161,173,3,1
3CHMA,161,173,0,1
4CK4B,162,173,1,1
1MTYH,162,175,1,1
1ZUOA,162,175,3,1
4ZOTA,163,168,0,1
3UIDA,163,171,2,1
4WKSA,163,174,3,1
3GQHB,163,176,0,1
5GP7A,163,172,2,1
4B1MB,163,168,1,1
5NB4C,164,177,2,1
2WUHA,164,172,3,1
3QC7A,164,174,2,1
4R3IA,164,176,3,1
2FPHX,165,174,1,1
5EWYA,165,173,2,1
4MNNA,165,182,3,1
1Z6NA,166,180,2,1
2R25A,166,181,1,1
2X3MA,166,178,1,1
1CJWA,166,177,1,1
5IX3A,166,175,2,1
3LFJB,166,181,0,1
3AJVA,168,180,0,1
3CRYA,169,176,2,1
3RY4A,170,179,1,1
5J1NA,171,175,0,1
2XOLB,172,63,0,1
1LQVA,172,180,1,1
3QS2A,173,180,3,1
4EUNA,173,62,0,1
1WMXA,173,171,0,1
4W4KB,173,61,0,1
4R1JA,174,174,0,1
1LSHB,174,182,1,1
4BOQA,175,178,0,1
3ANOB,175,181,2,1
1AOCB,175,182,2,1
5E4BB,176,179,3,1
3E4GA,176,177,0,1
4H8WC,176,179,2,1
1NG2A,176,172,0,1
4WH9A,177,181,3,1
3LLUA,177,167,2,1
3ZGHA,177,172,1,1
4WDCA,177,182,0,1
4ACIB,177,169,3,1
1FPZC,178,167,0,1
4RZ9A,179,164,2,1
3KM5A,179,167,1,1
1IQ4A,179,165,0,1
4JKZA,179,164,1,1
4QC6A,179,165,3,1
5HJFB,179,166,3,1
5I8TA,179,170,3,1
5O33B,179,163,2,1
2HRAA,180,165,1,1
1I4UB,180,163,3,1
3MALB,181,169,0,1
4O6UA,182,167,3,1
3VVYD,183,166,0,1
3A35A,184,169,2,1
4JRRB,184,168,2,1
4WKZB,184,166,2,1
1WDJC,186,164,0,1
1TC5D,186,170,0,1
2P14A,186,168,3,1
3GZXB,186,170,2,1
3NCEA,186,169,1,1
5MJRA,186,166,1,1
5KTCA,187,164,3,1
1D2OA,187,163,1,1
1JHSA,188,165,2,1
3DCMX,188,163,0,1
5BPKC,188,170,1,1
2RCIA,188,173,1,1
4F8YD,188,171,1,1
5CUOB,189,171,3,1
1TUAA,189,179,0,1
2G84A,189,178,3,1
5HAWB,189,173,0,1
1Q7LC,190,175,3,1
1IAPA,190,173,3,1
3E05B,192,175,1,1
3B5MC,192,171,2,1
4JHCA,192,177,2,1
2XBLB,193,172,2,1
4JWJB,193,176,0,1
1NXMA,194,174,3,1
5SY4B,195,174,2,1
4OY7G,196,176,3,1
3E3UA,196,173,2,1
4Z47A,196,180,2,1
5Y9QA,196,174,1,1
3RLOA,196,172,3,1
1IOOA,196,168,0,1
2XT2A,197,182,3,1
3LPWA,197,181,1,1
4GEHA,198,178,1,1
4Z3GA,198,179,1,1
2B0CA,199,176,2,1
3F4SA,199,177,1,1
4WHSC,200,168,1,1
5LFZA,200,180,0,1
1IQQA,200,175,0,1
4M1BA,200,180,3,1
2ET1A,201,181,0,1
4JHTA,201,175,2,1
3MGKB,201,177,3,1
4JJOA,202,176,1,1
1MR7A,203,180,1,1
4QPNA,203,178,2,1
4DOOB,203,174,0,1
5LW0B,204,171,0,1
4AVSE,204,178,0,1
5TPIA,205,182,1,1
4HZ2A,205,179,2,1
2VTWE,205,179,3,1
1CFBA,205,182,2,1
1HDOA,205,177,0,1
2VYOA,206,181,2,1
1WZDB,207,172,0,1
2GXQA,207,172,1,1
4K84B,207,167,2,1
4QI3B,207,181,3,1
4L07B,208,182,0,1
1GK9A,208,169,3,1
3NDHB,208,167,0,1
5U7AB,208,167,1,1
1VHTB,208,164,2,1
2HF9B,209,165,0,1
3L39A,209,164,1,1
4O6YB,211,166,3,1
2WVQA,211,165,3,1
5HGZA,211,167,3,1
4PMOA,211,169,0,1
4DIXA,212,166,0,1
5W8EA,213,165,1,1
5LE5Z,213,163,3,1
5GM9A,213,163,2,1
3L41A,214,166,2,1
1ORNA,214,170,3,1
2V6KB,214,170,0,1
3SD7A,215,169,2,1
5HOED,215,168,2,1
5DWDA,215,164,0,1
1K4IA,216,169,1,1
3CP7B,216,170,2,1
4LJOA,216,163,1,1
5GULB,216,165,2,1
4HSTA,216,168,3,1
3LCCA,216,166,1,1
2WNPF,217,164,3,1
5IMUA,217,170,1,1
2WAGA,217,163,0,1
5AE0A,217,173,1,1
1W66A,218,178,3,1
2WF7A,218,171,3,1
4OD8A,220,179,0,1
3TCVA,221,175,3,1
2C0GB,221,171,1,1
1K3YA,221,175,1,1
4Y7UA,224,173,0,1
5H5FA,224,176,3,1
3W6SA,225,172,2,1
5NAAA,226,173,2,1
5CVDB,226,177,2,1
4XA7A,226,173,3,1
2VG0A,227,171,2,1
1G8AA,227,176,0,1
3NOQA,227,174,2,1
4FYPA,228,174,3,1
1AOLA,228,181,1,1
4X84B,229,182,3,1
5CNWA,229,174,1,1
1XD3A,229,172,3,1
1DQPB,230,180,2,1
2V25A,231,179,1,1
5UZXB,231,176,2,1
3DELF,232,175,2,1
1S68A,233,180,3,1
2F5TX,233,180,0,1
3Q18B,233,181,0,1
4FGLD,233,177,1,1
2JE6B,234,177,3,1
2XWTC,234,178,1,1
2Q0OA,235,176,1,1
3L77A,235,175,0,1
3NOJA,235,180,1,1
4H8EA,235,168,0,1
2X8XX,235,174,0,1
3DSHA,236,178,2,1
2YFAA,236,171,0,1
4OLTB,237,182,2,1
1RZHH,238,182,1,1
2EKPA,238,179,2,1
1ZM8A,239,168,1,1
2YLNA,240,179,3,1
2E8GA,240,178,0,1
3GNEB,242,177,0,1
5B4BB,242,181,2,1
4LE3C,242,172,0,1
5BMOC,242,181,3,1
3I94A,243,172,1,1
3GG7A,243,167,2,1
5GWTC,243,182,0,1
2Q35A,243,169,3,1
3S5BB,243,167,0,1
4TM7A,243,161,0,1
3WSGE,244,161,1,1
1NQ7A,244,161,2,1
1RWZA,244,161,3,1
2H8GB,244,162,0,1
3F1LB,244,162,1,1
2PQXA,245,162,2,1
2QV5B,246,162,3,1
4A29A,247,11,0,1
1KYFA,247,12,0,1
3ZYLB,247,13,0,1
1XT8A,248,14,0,1
3V68A,248,15,0,1
3BEXA,248,16,0,1
5A96A,249,17,0,1
3HR0B,249,18,0,1
4PF3A,249,19,0,1
1W8SF,250,20,0,1
3OAMD,250,66,0,1
4PWOA,250,67,0,1
2QV6B,250,68,0,1
3G1PB,250,69,0,1
4MUQA,251,70,0,1
5A8UA,252,71,0,1
3OA3B,252,72,0,1
2Q46A,253,73,0,1
5TCBA,253,79,0,1
3U62A,253,80,0,1
4MB0A,253,161,0,1
3DHAA,254,161,1,1
3HLXD,254,161,2,1
3BF7A,255,162,2,1
4YKIB,255,163,0,1
4KN8A,255,163,1,1
4ATEA,256,164,0,1
2VWSA,256,164,1,1
4LGJA,256,165,0,1
3TDSE,256,167,1,1
5THXA,257,164,2,1
2GTRA,258,165,0,1
2XJPA,258,164,1,1
3TK8C,258,166,3,1
3RF3B,258,165,3,1
3QK8D,259,163,2,1
5VPSA,260,166,0,1
4J6OA,261,169,0,1
3CA8A,261,165,1,1
1CL8A,261,166,2,1
4YHBA,261,167,3,1
2RBKA,261,163,3,1
2Z4UA,261,170,0,1
5NCJB,261,170,3,1
4UQXA,262,168,2,1
5HEEA,262,169,1,1
1T0FB,262,170,2,1
4L2IB,263,169,2,1
3HS3B,264,164,0,1
2PA8D,264,168,3,1
2Z6RA,264,165,2,1
2J9OC,265,163,1,1
2RDQA,265,164,3,1
1YIXA,265,170,1,1
2JFNA,266,178,3,1
3OISD,268,166,1,1
1AKOA,268,65,0,1
3FWYA,268,173,1,1
5H3HA,268,58,0,1
3JUUB,269,56,0,1
5T5IK,269,57,0,1
2YEXA,269,61,0,1
1O4YA,270,62,0,1
5K1PA,270,63,0,1
3AGCA,271,64,0,1
4O1EA,271,171,3,1
1JYEA,271,163,0,1
5BSEA,272,175,3,1
5DRBA,273,171,1,1
2GGSB,273,179,0,1
4F3VA,275,175,1,1
3NO0A,276,173,0,1
4PHRA,277,59,0,1
1X1OA,277,171,2,1
5DWAB,278,60,0,1
4NNOA,278,173,2,1
4PF4A,278,173,3,1
4OMGB,279,182,3,1
5H2GB,280,181,1,1
3TNYA,280,176,3,1
1SR8A,282,174,1,1
1MPGA,282,172,2,1
2RHWA,283,174,2,1
4INZB,284,177,2,1
1N62C,286,24,0,1
3COVA,286,25,0,1
3HPYB,288,139,0,1
2RINB,288,139,1,1
3II7A,288,140,0,1
1KQFB,289,140,1,1
3PRNA,289,141,0,1
3KSXA,289,141,1,1
3I0WA,290,176,0,1
5GZAA,290,174,3,1
3CIJB,291,179,1,1
3FXQB,296,176,2,1
4RY9B,297,172,3,1
4PHQC,298,177,1,1
2CIWA,298,180,2,1
5H8IJ,298,175,2,1
5OEIA,299,180,1,1
5A8CA,299,177,3,1
2DSKA,300,176,1,1
4LOXA,300,174,0,1
2VW8A,300,175,0,1
4NV0B,300,180,3,1
4HZOA,301,181,0,1
4R1DB,301,180,0,1
4INOB,302,182,2,1
5FLWA,302,178,1,1
3E4WA,303,171,0,1
2II2A,304,182,1,1
4PMXA,306,178,2,1
2H9AB,307,179,3,1
3C9UA,308,179,2,1
2PK3A,309,178,0,1
5UMHB,310,177,0,1
3LETB,310,172,0,1
3QNSA,311,168,0,1
4N6KA,311,181,3,1
5HJ9A,311,168,1,1
2V78B,311,72,0,1
4D5BA,312,181,2,1
4BQNA,312,172,1,1
4BE3B,312,167,2,1
1OFZA,312,182,0,1
4QQSA,312,161,0,1
4CD8A,313,169,3,1
1OGQA,313,162,0,1
4GGCA,313,161,3,1
1XCRB,313,161,1,1
5IHWA,314,167,0,1
4FK9A,314,162,1,1
1E6UA,315,164,1,1
1XOVA,315,20,0,1
4RY8A,315,12,0,1
2FQXA,316,70,0,1
5IZ3A,316,166,3,1
4XCVA,317,67,0,1
5LE8B,318,162,3,1
4LSWA,318,16,0,1
3T7AA,319,166,0,1
1YS1X,320,71,0,1
4UDGD,320,69,0,1
4ZI8B,323,167,1,1
5F4WA,325,14,0,1
4KLIA,326,13,0,1
4WQMA,326,165,0,1
3DSSB,327,163,2,1
4ID9B,328,165,3,1
1WMWC,328,66,0,1
1ODMA,329,15,0,1
4YUCA,330,73,0,1
5OP0A,330,164,2,1
5NQBD,331,68,0,1
5LTEA,333,11,0,1
2X49A,333,17,0,1
1K5CA,333,19,0,1
5X4RA,333,18,0,1
1TXGA,335,79,0,1
4YZZA,336,80,0,1
5AKRA,337,169,0,1
1WTJB,337,170,3,1
5KLAA,337,166,2,1
1MXRA,339,169,2,1
3WGTB,339,173,1,1
4ZURB,341,181,1,1
2YYYB,342,165,1,1
5UI9B,342,164,0,1
4V00A,343,170,1,1
2DE3A,344,170,0,1
4OKZB,345,169,1,1
5FEWA,346,164,3,1
4G5HA,346,175,3,1
5I3EB,348,178,3,1
3IPCA,348,171,3,1
3E18A,348,57,0,1
5HJMA,349,175,1,1
2NZXC,350,171,2,1
2C0CA,353,58,0,1
3A16C,353,163,3,1
4ZR8B,354,167,3,1
5C9OA,354,165,2,1
4OCVA,355,163,0,1
3GMIA,356,168,3,1
1XSZA,356,168,2,1
5OQ3A,358,56,0,1
4X9KA,358,174,1,1
5U69A,358,27,0,1
1QCXA,359,60,0,1
1JDWA,360,173,0,1
3VKJC,363,172,2,1
3NW4A,363,62,0,1
1GU7A,364,170,2,1
3DMEA,366,166,1,1
3A04A,367,171,1,1
1URSA,367,63,0,1
2HEKB,369,65,0,1
3VMKA,369,173,2,1
4J1OA,369,179,0,1
4QDCA,369,172,3,1
4WKAA,369,24,0,1
4NBMD,369,174,2,1
4GBFB,370,182,3,1
4LMPA,371,176,3,1
4C2LA,372,177,1,1
2FNUA,373,176,2,1
2JHFB,374,173,3,1
3UW3B,375,64,0,1
2QGYB,375,177,2,1
2AHFB,377,174,3,1
3ZRPB,377,25,0,1
3OKPA,378,180,1,1
5IK4A,379,61,0,1
2DR1A,381,176,0,1
4UA8A,383,59,0,1
2H9AA,383,180,2,1
4R33B,384,179,1,1
3KGWA,386,182,2,1
5GHEA,386,178,1,1
1V5DA,386,181,0,1
3S44A,388,171,0,1
3GO2A,388,174,0,1
2DE6C,389,175,2,1
3STPA,390,175,0,1
3GT5A,391,177,3,1
4XFKA,391,178,2,1
4M83A,393,180,3,1
3S2JA,393,182,1,1
5A07B,394,179,3,1
2WIYA,394,176,1,1
2YOOB,395,180,0,1
3H5LA,397,182,2,1
3GRHA,397,179,3,1
3VXCB,398,177,0,1
1JFBA,399,172,0,1
5CECA,401,178,0,1
2GQWA,401,177,0,1
2BWRA,401,163,1,1
1QS1A,402,181,3,1
4MFIA,403,172,1,1
2GAGB,403,179,2,1
1QZ9A,404,177,3,1
4Y1BA,404,181,2,1
4M5EA,405,168,0,1
2YHGA,411,180,0,1
5KARA,412,164,0,1
3QGUB,413,182,0,1
1JDCA,418,167,2,1
4AQ4A,418,162,0,1
2VFRA,418,162,2,1
3M0MD,419,161,2,1
4XE7A,419,168,1,1
3I4ZB,421,167,0,1
2W5QA,424,162,1,1
5CCLA,425,161,3,1
1DP4A,425,169,3,1
3NVSA,426,162,3,1
1VCLB,431,70,0,1
1W2TD,432,167,1,1
3B9OB,433,182,0,1
5WM1A,433,71,0,1
2OITA,434,166,3,1
4AYOA,434,161,0,1
5TIPC,436,166,0,1
5NHMD,436,167,2,1
1ZHXA,436,162,2,1
5IYZA,437,165,3,1
5A0YE,442,72,0,1
2X8SB,443,163,2,1
1K92A,444,168,0,1
4RELA,446,164,2,1
4W7LB,448,69,0,1
4L9PB,452,67,0,1
1CRUB,452,181,3,1
1UA4A,454,181,2,1
2ECEA,455,179,2,1
1EWFA,456,161,1,1
3LWTX,457,166,3,1
2XHGA,457,166,0,1
5UDIA,460,165,3,1
4YB8C,464,181,1,1
2JDID,467,164,1,1
4K7ZA,467,162,0,1
4ZW9A,470,165,0,1
5JCAL,471,172,1,1
1RK6A,474,172,0,1
1OFLA,480,178,0,1
2HI4A,480,170,3,1
3A2QA,482,169,0,1
3IP4B,482,166,2,1
4K70B,482,171,3,1
3IGHX,483,173,1,1
4DWRA,483,170,0,1
3UFBA,484,178,3,1
4MZYA,486,175,1,1
2JDIA,487,170,1,1
3ONDB,488,165,1,1
3IOXA,489,169,2,1
3SC7X,493,170,1,1
2NVOA,496,169,1,1
4N4JA,497,177,1,1
2J6LE,498,171,2,1
5H06B,499,175,3,1
2J4DB,499,173,1,1
1O98A,509,180,0,1
4R1DA,517,176,3,1
3GR4A,519,174,1,1
4S28A,520,182,2,1
1JU2A,521,172,1,1
4H2GA,524,177,3,1
1P1JA,525,181,2,1
4UDQB,525,178,3,1
3Q3QA,526,179,0,1
4HSTB,535,170,2,1
4PFYB,537,181,3,1
3C2UC,537,182,3,1
4WKSC,548,173,0,1
5BNZA,548,174,2,1
2W3PB,548,173,2,1
2Z81A,549,172,2,1
1W99A,558,171,1,1
3OZPA,572,172,0,1
4R12A,573,172,3,1
5FQEB,579,171,3,1
4A9VA,581,182,0,1
3O0YB,585,173,3,1
1O0SB,592,175,3,1
4Y9JA,592,177,1,1
4XOTA,597,176,2,1
4RU5B,600,180,1,1
5MQPC,601,177,2,1
2D5WA,602,174,3,1
3WLIA,606,177,0,1
5T88B,616,176,0,1
2ZUEA,628,170,0,1
3VMNA,633,180,2,1
5BXRB,636,170,3,1
2W91A,636,179,1,1
4Z24B,649,179,2,0
2O36A,654,179,3,1
3JU4A,670,178,1,1
4E57B,677,181,1,0
4HVTA,691,175,1,1
1R1HA,696,174,0,1
5B68A,703,175,0,1
1GQIB,708,175,2,1
5VFBB,724,178,2,1
4A5SA,728,182,1,1
1O94A,729,171,0,1
4BQ2B,747,180,3,0
5AWHA,759,176,1,1
2F2HB,773,181,0,0
